4676038352
4676039023
4684000485
4684005937
4684013121
4684017432
4684020412
4684021590
4684021898
4684028811
4684031238
4684037890
4684039385
4684042102
4684042899
4684046026
4684046460
4684049397
4684051945
4684052647
4684058082
4684059555
4684060214
4684080362
4684088963
4684091217
4684093894
4684121802
4684122322
4684132325
4684136187
4684140647
4684145126
4684211021
4684217689
4684218004
4684219397
4688001228
4688005711
4688005903
4688007659
4688011024
4688011310
4688011312
4688014722
4688014732
4688015375
4688015809
4688016274
4688017756
4688017973
4688020646
4688020951
4688022659
4688024932
4688026597
4688027066
4688027701
4688029422
4688030686
4688031203
4688031804
4688032924
4688033545
4688034018
4688034302
4688040846
4688041089
4688044983
4688049657
4688052229
4688052979
4688055238
4688055917
4688057874
4688058507
4688060807
4688064054
4688070095
4688070260
4688070979
4688071323
4688072932
4688073377
4688074296
4688077452
4688086900
4688087924
4688099296
4688101067
4688102106
4688103606
4688105680
4688106089
4688108609
4688116171
4688125969
4688126342
4688132126
4688132918
4688138299
4688142776
4688146135
4688160832
4688168375
4688179319
4688181336
4688185000
4688186672
4688189715
4688190761
4688192273
4688195939
4688200464
4688200693
4688203373
4688203912
4688216115
4688216169
4688218627
4688219091
4688219159
4688222478
4688225830
4688226144
4688226158
4688227420
4688238090
4688238215
4688239360
4688239841
4688240722
4688242360
4688246715
4688247280
4688248292
4688248432
4688261419
4688264108
4688267031
4688268704
4688271531
4688272572
4688272609
4688279355
4688280117
4688287361
4688288470
4688288472
4688297061
4688297572
4688304666
4688305527
4688307393
4688313223
4688319355
4688321459
4688339285
4688343247
4688351442
4688359729
4688366050
4688373341
4688377097
4688389427
4691010636
4691010656
4691010975
4691011971
4691012129
4691012270
4691013019
4691013628
4691014772
4691016398
4691016922
4691017545
4691017912
4691018598
4691019103
4691023606
4691024555
4691024750
4691025516
4691027380
4691031803
4691032007
4691032632
4691034408
4691035123
4691036648
4691039115
4691039317
4691039890
4691040000
4691041710
4691041764
4691044932
4691045778
4691046458
4691047646
4691047813
4691049659
4691049767
4691049956
4691050802
4691050955
4691052507
4691052832
4691053906
4691054001
4691054480
4691054985
4691055555
4691055689
4691056044
4691056342
4691056350
4691057348
4691059200
4691059277
4691060174
4691060217
4691060566
4691061203
4691062469
4691062608
4691063051
4691064100
4691065993
4691066607
4691067870
4691068260
4691071206
4691071521
4691071795
4691072967
4691074573
4691075314
4691075492
4691075674
4691075999
4691076093
4691076301
4691080039
4691080224
4691080263
4691080588
4691080659
4691082510
4691083755
4691084088
4691088522
4691091858
4691092296
4691092954
4691093536
4691094066
4691094079
4691094448
4691096213
4691099236
4691100063
4691103075
4691103463
4691104015
4691104606
4691104607
4691105063
4691105251
4691105254
4691105545
4691108080
4691108506
4691108880
4691110242
4691111777
4691111948
4691112085
4691112206
4691112399
4691112636
4691113061
4691117162
4691118271
4691118592
4691118744
4691118770
4691119352
4691119933
4691120625
4691123078
4691124229
4691125034
4691125453
4691126516
4691127995
4691128230
4691128479
4691128782
4691130668
4691130988
4691131101
4691132305
4691132578
4691133327
4691135257
4691135503
4691136360
4691138030
4691138526
4691139848
4691140392
4691140894
4691141210
4691141883
4691142573
4691148594
4691149020
4691149059
4691150403
4691150586
4691150726
4691151300
4691151421
4691151509
4691151991
4691153722
4691154441
4691154734
4691158067
4691162059
4691162336
4691163766
4691165255
4691166499
4691168914
4691170315
4691170327
4691170957
4691173397
4691178001
4691179333
4691180099
4691180207
4691181053
4691181965
4691182526
4691182775
4691183678
4691185758
4691185797
4691187750
4691187927
4691188283
4691189460
4691190065
4691190575
4691191871
4691194687
4691195980
4691196386
4691196556
4691200203
4691200515
4691201110
4691202016
4691202867
4691203311
4691204495
4691204876
4691204930
4691208085
4691212609
4691213122
4691213589
4691215694
4691217067
4691219073
4691219299
4691220053
4691220880
4691222804
4691223048
4691223708
4691223941
4691226704
4691227559
4691228205
4691231204
4691231989
4691234172
4691239021
4691239076
4691239407
4691242221
4691242832
4691243944
4691244171
4691245412
4691245808
4691246681
4691246782
4691249157
4691249375
4691252010
4691254431
4691254458
4691257759
4691258722
4691258781
4691260105
4691260131
4691261201
4691263098
4691269902
4691271762
4691273841
4691274393
4691274956
4691277557
4691277630
4691278374
4691279868
4691281466
4691285967
4691286028
4691286819
4691288357
4691288877
4691289431
4691289472
4691291448
4691294101
4691295935
4691297501
4691298308
4691298959
4691299486
4691300342
4691300703
4691301986
4691303862
4691305162
4691305900
4691306762
4691307154
4691309848
4691309959
4691311339
4691313334
4691316387
4691317701
4691317704
4691319918
4691319922
4691322234
4691325472
4691325659
4691327699
4691327785
4691330087
4691330106
4691331030
4691331523
4691331675
4691332001
4691332506
4691332663
4691333651
4691335539
4691336773
4691336959
4691338452
4691339359
4691341545
4691342990
4691343358
4691343590
4691344431
4691346138
4691346767
4691347086
4691347222
4691347591
4691350361
4691351001
4691351215
4691351320
4691353352
4691355305
4691357919
4691358868
4691362081
4691362580
4691363144
4691363900
4691364050
4691365356
4691365412
4691366139
4691367575
4691369746
4691371800
4691372147
4691372217
4691376216
4691376442
4691376858
4691378057
4691378568
4691380619
4691380950
4691382983
4691385235
4691385999
4691386242
4691386279
4691389085
4691390944
4691393338
4691395115
4691395357
4691395704
4691400811
4691401608
4691402030
4691402909
4691403072
4691406191
4691407155
4691407249
4691414440
4691414475
4691415084
4691415945
4691416819
4691419104
4691419296
46920002792
46920003852
46920003858
46920005262
46920007153
46920010184
46920011392
46920011931
46920012453
46920012990
46920017193
46920017275
46920017375
46933001463
46933004505
46933004764
46933008530
46933008943
46935051053
46935051200
46935051856
4699000550
4699000668
4699000858
4699001472
4699001532
4699001584
4699004213
4699007067
4699009162
4699010062
4699011696
4699011818
4699011944
4699012169
4699013535
4699014754
4699014900
4699017654
4699019282
4699019457
4699019841
4699020666
4699021202
4699022263
4699024064
4699024893
4699027036
4699027860
4699028921
4699031433
4699032204
4699032968
4699033462
4699035479
4699037962
4699039412
4699039874
4699040032
4699040800
4699041791
4699041966
4699042017
4699042442
4699042717
4699043460
4699044014
4699044488
4699044730
4699045274
4699046484
4699047239
4699048213
4699049168
4699050092
4699051526
4699052100
4699054338
4699055254
4699056088
4699056789
4699058489
4699063050
4699064210
4699065462
4699066215
4699067470
4699067543
4699069054
4699073595
4699074809
4699075568
4699075668
4699077923
4699078874
4699079388
4699079717
4699082305
4699082804
4699082918
4699083035
4699086920
4699087047
4699088966
4699092129
4699094938
4699095959
4699096776
4699098530
4699102279
4699106762
4699108225
4699110163
4699110650
4699110658
4699110717
4699110937
4699111072
4699111482
4699111601
4699111626
4699111824
4699112292
4699112417
4699112492
4699115016
4699115879
4699117457
4699117966
4699120304
4699120604
4699121550
4699122843
4699124591
4699124761
4699126090
4699126371
4699127004
4699127507
4699128309
4699128504
4699128774
4699128842
4699130762
4699131280
4699131432
4699131505
4699136613
4699136911
4699143514
4699143781
4699145824
4699147116
4699147367
4699147573
4699147882
4699148150
4699148881
4699150081
4699150158
4699151254
4699151448
4699152788
4699153402
4699154344
4699155499
4699156361
4699156568
4699158318
4699160149
4699160679
4699161122
4699161576
4699162332
4699162589
4699162816
4699163554
4699164330
4699164455
4699166954
4699168115
4699168548
4699169035
4699169493
4699170143
4699170851
4699173863
4699175130
4699176185
4699176458
4699177002
4699177028
4699177397
4699177887
4699178083
4699178340
4699178923
4699179981
4699180682
4699182293
4699182449
4699182504
4699183787
4699184113
4699186247
4699189944
4699190191
4699190708
4699191029
4699191233
4699191432
4699191854
4699193959
4699195545
4699195609
4699196099
4699197413
4699198103
4699199114
4699199137
4699200935
4699202720
4699203508
4699204214
4699206315
4699207207
4699207551
4699209240
4699209369
4699210730
4699211594
4699211597
4699211997
4699212201
4699214260
4699215187
4699215987
4699216465
4699219134
4699219593
4699220248
4699220828
4699221011
4699222031
4699222136
4699223101
4699225086
4699226020
4699226040
4699226232
4699226267
4699226517
4699226831
4699229894
4699230364
4699230787
4699231338
4699233129
4699234355
4699236058
4699236940
4699238802
4699239853
4699239856
4699241829
4699242090
4699242732
4699244884
4699245177
4699245207
4699247450
4699247944
4699249662
4699249778
4699250355
4699250635
4699251031
4699251073
4699252696
4699253426
4699253815
4699254078
4699255807
4699256635
4699258528
4699259973
4699261475
4699263607
4699263987
4699266861
4699267000
4699267383
4699269602
4699271485
4699271634
4699271825
4699272236
4699272562
4699272914
4699273494
4699277831
4699278593
4699279847
4699280509
4699281509
4699281951
4699283498
4699284938
4699288393
4699291378
4699296357
4699296937
4699298398
4699302335
4699303168
4699305525
4699308698
4699308952
4699310777
4699310982
4699311943
4699312919
4699313168
4699317894
4699318277
4699318879
4699319978
4699321297
4699323787
4699325218
4699325580
4699325719
4699329999
4699330771
4699330929
4699333475
4699334010
4699335007
4699335836
4699340380
4699340742
4699342328
4699345172
4699347819
4699348694
4699349519
4699349622
4699350217
4699351857
4699352251
4699353498
4699356055
4699357190
4699358774
4699359664
4699361680
4699362033
4699362553
4699365570
4699367929
4699369153
4699369871
4699370542
4699371264
4699371902
4699374433
4699374710
4699380542
4699384149
4699385285
4699388076
4699388838
4699389709
4699401480
4699404477
4699404648
4699407820
4699408250
4699410036
4699411491
4699412346
4699413190
4699413260
4699414248
4699416334
4699418344
4699421606
4699421717
4699421938
4699424122
4699427250
4699428879
4699429981
4699701532
4699705972
4699706062
4699707221
4699708437
4699708804
4699708975
4699709044
4699711582
4699711851
4699713039
4699713397
4699713665
4699713730
4699713788
4699715429
4699716055
4699716372
4699717943
4699719008
4699719046
4699719172
4699719740
4699719747
4699719919
4699720059
4699720099
4699720641
4699722022
4699722081
4699722652
4699722697
4699723721
4699723723
4699723998
4699724225
4699724908
4699726267
4699727148
4699727363
4699728596
4699728787
4699729112
4699729879
4699730107
4699731956
4699732697
4699735197
4699736809
4699738233
4699738714
4699738783
4699739050
4699739415
4699739900
4699746188
4699748077
4699748280
4699749907
4699750554
4699750774
4699751272
4699751916
4699753319
4699754358
4699756028
4699756130
4699758190
4699759213
4699759704
4699760662
4699761951
4699763412
4699763916
4699764833
4699765359
4699767086
4699769090
4699770046
4699770684
4699771021
4699773978
4699774533
4699775145
4699776277
4699779681
4699781244
4699781848
4699787309
4699787901
4699789931
4699790177
4699790186
4699790232
4699790948
4699791676
4699794590
4699794970
4699795267
4699799858
4699800788
4699802057
4699805381
4699809116
4699809927
4699810906
4699811921
4699816513
4699816779
4699817411
4699817806
4699818715
4699820676
4699821047
4699823482
4699824810
4699825044
4699826655
4699827479
4699840087
4699840455
4699841482
4699841493
4699841718
4699844876
4699845302
4699848219
4699849465
4699850242
4699851590
4699852900
4699853188
4699853636
4699857150
4699857642
4699857950
4699858454
4699860130
4699861020
4699868783
4699870341
4699871716
4699872910
4699873469
4699873709
4699874883
4699875948
4699888395
4699888819
4699890432
4699896118
4699899793
