11934066181
11934480341
11945950710
11961847793
11964992677
11970330008
11971536918
11983525342
11991811756
13982078069
13997165352
14991713172
15996577482
16981345800
17991158711
21967306368
21979740069
22988746463
27995782954
3195075536
3196023439
3196613629
3298202006
4184374494
4187054520
4188457649
4191051420
4191671619
4191955586
4192441970
4192637070
4195021110
4196144002
4196649259
4196829967
4197055769
4197226597
4197451929
4197716564
4198098187
4198112278
4198725029
4199026915
4199253895
4199978065
4284035611
4284178246
4288112121
4288125424
4288375139
4291463776
4291594172
42920026026
4298240334
4298345513
4298612254
4298666008
4298738010
4299193374
4299291821
4299322392
4299342819
4299462899
4299471098
4299507654
4299554419
4299675865
4299775702
4299782307
4299836094
4299953239
4388651904
4399197364
4399721068
4484016291
4497004458
4497461142
4498385110
4498548549
4498877108
4499643733
4584195068
4591239163
4591314415
4591333446
4591452027
4591457231
4591471017
4591480604
4591536730
4591572917
4598100592
4598533076
4599023332
4599051777
4599125449
4599156740
4599361986
4599442747
4599637160
4599743267
4599761068
4599820352
4599948956
4599969060
4791027266
4792297949
4792915124
4797329878
4797865318
4799580101
4799616176
4884292010
4888709080
4896562334
4899491727
4899759932
4899830280
4988184819
4988951075
4991052232
4991340489
4991347703
4991424719
4991459665
4991651574
4998000263
4998008328
4998018076
4998019119
4998176153
4998256712
4998354705
4998409931
4999008724
4999052793
4999217657
4999353381
4999377334
4999480039
4999499628
4999572950
4999601800
4999659188
4999767882
4999932196
4999983019
5180285888
5180508899
5193868740
5196213533
5199293222
5399112406
5491859561
5499237005
5596459482
5597187800
6692423861
6699571447
6791322777
6792770404
6793031897
6796274518
6798026739
6984081391
6992535201
7381406231
7399028364
7799303320
8197711388
8496009115
8681818100
8699732348
9396524950
9591686071
